<chart>
id=131831182207909150
symbol=Ger30Mar19
period=5
leftpos=2156
digits=1
scale=8
graph=1
fore=1
grid=0
volume=0
scroll=1
shift=1
ohlc=1
one_click=0
one_click_btn=1
askline=0
days=1
descriptions=0
shift_size=20
fixed_pos=0
window_left=26
window_top=26
window_right=1041
window_bottom=529
window_type=3
background_color=16777215
foreground_color=0
barup_color=0
bardown_color=0
bullcandle_color=16777215
bearcandle_color=0
chartline_color=0
volumes_color=32768
grid_color=12632256
askline_color=17919
stops_color=17919

<window>
height=148
fixed_height=0
<indicator>
name=main
<object>
type=16
object_name=Rectangle 36097
period_flags=0
create_time=1550224641
color=16711680
style=0
weight=1
background=1
filling=0
selectable=1
hidden=0
zorder=0
time_0=1550152800
value_0=11090.915849
time_1=1550152800
value_1=11091.298738
ray=0
</object>
<object>
type=16
object_name=Rectangle 36169
period_flags=0
create_time=1550224713
color=4294967295
style=0
weight=1
background=1
filling=0
selectable=1
hidden=0
zorder=0
time_0=1550044800
value_0=11244.071529
time_1=1550125800
value_1=11186.500000
ray=0
</object>
<object>
type=16
object_name=Rectangle 36216
period_flags=0
create_time=1550224760
color=15453831
style=0
weight=5
background=0
filling=0
selectable=1
hidden=0
zorder=0
time_0=1550153700
value_0=11089.384292
time_1=1550245500
value_1=11081.343619
ray=0
</object>
<object>
type=16
object_name=Rectangle 23348
period_flags=0
create_time=1550474036
color=15453831
style=0
weight=5
background=0
filling=0
selectable=1
hidden=0
zorder=0
time_0=1550041200
value_0=11201.983170
time_1=1550509200
value_1=11213.741935
ray=0
</object>
<object>
type=16
object_name=Rectangle 23431
period_flags=0
create_time=1550474119
color=15453831
style=0
weight=5
background=0
filling=0
selectable=1
hidden=0
zorder=0
time_0=1550465400
value_0=11315.382889
time_1=1550481300
value_1=11318.113604
ray=0
</object>
<object>
type=10
object_name=Fibo 24937
period_flags=0
create_time=1550475625
color=255
style=2
weight=1
background=1
filling=0
selectable=1
hidden=0
zorder=0
color2=8388608
style2=0
weight2=1
time_0=1550478780
value_0=11315.500000
time_1=1550478960
value_1=11300.500000
levels_ray=0
level_0=0.0000
description_0=0.0
level_1=0.3820
description_1=38.2
level_2=0.5000
description_2=50.0
level_3=0.6180
description_3=61.8
level_4=1.0000
description_4=100.0
level_5=1.6180
description_5=161.8
level_6=2.6180
description_6=261.8
level_7=4.2360
description_7=423.6
</object>
</indicator>
</window>

<window>
height=50
fixed_height=0
<indicator>
name=Custom Indicator
<expert>
name=5PTNTDI
flags=275
window_num=1
<inputs>
RSI_Period=13
RSI_Price=0
Volatility_Band=34
RSI_Price_Line=2
RSI_Price_Type=0
Trade_Signal_Line=7
Trade_Signal_Type=0
</inputs>
</expert>
shift_0=0
draw_0=12
color_0=0
style_0=0
weight_0=0
shift_1=0
draw_1=0
color_1=13434880
style_1=0
weight_1=0
shift_2=0
draw_2=0
color_2=16748574
style_2=0
weight_2=0
shift_3=0
draw_3=0
color_3=13434880
style_3=0
weight_3=0
shift_4=0
draw_4=0
color_4=0
style_4=0
weight_4=0
shift_5=0
draw_5=0
color_5=65280
style_5=0
weight_5=0
levels_color=6908265
levels_style=2
levels_weight=1
level_0=50.00000000
level_1=68.00000000
level_2=32.00000000
period_flags=0
show_data=1
</indicator>
</window>
</chart>

